SST,Curr_Speed,Curr_Dir,WD_Speed,WD_Dir,Presence,Month_Apr,Month_Aug,Month_Dec,Month_Feb,Month_Jan,Month_Jul,Month_Jun,Month_Mar,Month_May,Month_Nov,Month_Oct,Month_Sep
22.78649271,0.3306162473078072,8.735983584,2.1409914150836795,16.20336644,0,0.0,0.0,0.0,0.0,0.0,0.0,0.0,0.0,1.0,0.0,0.0,0.0
20.6697289,0.0883000690192469,24.61639026,1.6341841337338407,33.39915212,0,0.0,0.0,0.0,0.0,0.0,0.0,0.0,0.0,0.0,1.0,0.0,0.0
19.52574257,0.0655372690977443,13.28486648,2.028584328905402,251.5257512,0,0.0,0.0,0.0,0.0,0.0,1.0,0.0,0.0,0.0,0.0,0.0,0.0
19.65804031,0.1405670920681787,14.40153775,1.6115853925472172,280.9670228,0,0.0,0.0,0.0,0.0,0.0,1.0,0.0,0.0,0.0,0.0,0.0,0.0
20.07049797,0.097561322262558,20.75575086,1.2589964541778078,207.6896507,0,0.0,0.0,0.0,0.0,0.0,0.0,0.0,0.0,0.0,0.0,1.0,0.0
20.87206662,0.0257408688314284,20.55604522,1.727719739051365,215.5414258,0,0.0,0.0,0.0,0.0,0.0,0.0,0.0,0.0,1.0,0.0,0.0,0.0
24.13281676,0.0570578061680554,169.2157021,1.98948317138614,243.7894428,0,0.0,0.0,0.0,0.0,0.0,0.0,0.0,1.0,0.0,0.0,0.0,0.0
20.84871996,0.2165706409898799,17.17715974,1.7182474808253456,60.23893688,0,0.0,0.0,1.0,0.0,0.0,0.0,0.0,0.0,0.0,0.0,0.0,0.0
20.46739118,0.1496194053777136,355.2273609,1.007222146134834,354.6695507,0,0.0,0.0,0.0,0.0,0.0,0.0,0.0,0.0,0.0,0.0,1.0,0.0
24.84099877,0.2533189634128169,41.91057172,1.935505926348821,138.6423964,0,0.0,0.0,0.0,1.0,0.0,0.0,0.0,0.0,0.0,0.0,0.0,0.0
19.36231595,0.3393982409779583,0.778897658,2.3642343359657194,27.6038454,0,0.0,0.0,0.0,0.0,0.0,0.0,0.0,0.0,0.0,1.0,0.0,0.0
22.81762159,0.1333202294561499,47.94899392,1.9640869025335688,166.946987,0,0.0,0.0,0.0,0.0,1.0,0.0,0.0,0.0,0.0,0.0,0.0,0.0
23.7981813,0.1351093270309583,348.808594,2.25661518264254,26.32313363,0,0.0,0.0,0.0,0.0,0.0,0.0,0.0,1.0,0.0,0.0,0.0,0.0
21.37012869,0.3592150052498897,3.19778344,2.1568625336195963,28.68679376,0,0.0,0.0,1.0,0.0,0.0,0.0,0.0,0.0,0.0,0.0,0.0,0.0
19.41679149,0.0500457689011214,26.1079137,1.247541613199159,228.6585415,0,0.0,0.0,0.0,0.0,0.0,0.0,1.0,0.0,0.0,0.0,0.0,0.0
19.46348481,0.2051894609004714,14.35279152,2.18298714730936,251.6849166,0,0.0,0.0,0.0,0.0,0.0,0.0,0.0,0.0,0.0,0.0,1.0,0.0
22.48298614,0.3034872027457843,2.170377581,2.207676546704182,15.44912173,0,1.0,0.0,0.0,0.0,0.0,0.0,0.0,0.0,0.0,0.0,0.0,0.0
22.44407504,0.2157053064332973,34.25414277,1.8163386103401316,128.4290154,0,0.0,0.0,1.0,0.0,0.0,0.0,0.0,0.0,0.0,0.0,0.0,0.0
19.60356477,0.0369947558166848,148.2405199,1.810334960731061,224.0506611,0,0.0,0.0,0.0,0.0,0.0,0.0,0.0,0.0,0.0,1.0,0.0,0.0
23.52580361,0.0713744587220208,307.6262336,0.9367732409395144,6.940153422,0,0.0,0.0,0.0,1.0,0.0,0.0,0.0,0.0,0.0,0.0,0.0,0.0
24.16394564,0.1002106908435642,101.8630262,2.328443713435413,164.3655101,0,0.0,0.0,0.0,0.0,0.0,0.0,0.0,1.0,0.0,0.0,0.0,0.0
24.83321655,0.1951610342980926,7.567834565,0.948028756719274,151.027915,0,0.0,0.0,0.0,0.0,0.0,0.0,0.0,1.0,0.0,0.0,0.0,0.0
25.26123865,0.1684362666248181,1.143856918,1.550297165280902,30.37793053,0,0.0,0.0,0.0,1.0,0.0,0.0,0.0,0.0,0.0,0.0,0.0,0.0
22.09387514,0.0654625266129976,14.09893029,1.0030571443290897,59.19926775,0,1.0,0.0,0.0,0.0,0.0,0.0,0.0,0.0,0.0,0.0,0.0,0.0
21.58024863,0.2568914102997746,6.280858892,2.132224270658783,32.29261502,0,0.0,0.0,1.0,0.0,0.0,0.0,0.0,0.0,0.0,0.0,0.0,0.0
19.77477361,0.2322187437018288,19.57732774,2.0388992860238075,253.0515895,0,0.0,1.0,0.0,0.0,0.0,0.0,0.0,0.0,0.0,0.0,0.0,0.0
23.8370924,0.2739937369435732,150.2826416,2.593154965235368,163.6421075,0,0.0,0.0,0.0,0.0,0.0,0.0,0.0,1.0,0.0,0.0,0.0,0.0
20.79424442,0.1719225372617412,6.2578407,1.2940659166874329,325.2157396,0,0.0,0.0,1.0,0.0,0.0,0.0,0.0,0.0,0.0,0.0,0.0,0.0
19.16776046,0.0571087221608931,13.8197617,1.9641300276866744,262.6395397,0,0.0,0.0,0.0,0.0,0.0,1.0,0.0,0.0,0.0,0.0,0.0,0.0
20.71642222,0.2669770093829008,194.6737609,1.7494705755523958,279.2248495,0,0.0,0.0,0.0,0.0,0.0,0.0,0.0,0.0,1.0,0.0,0.0,0.0
21.06662211,0.3650677511943757,9.488419122,2.117105280035328,32.59413266,0,0.0,0.0,0.0,0.0,0.0,0.0,0.0,0.0,0.0,1.0,0.0,0.0
21.58803085,0.0527277569040736,323.7114376,1.7409401833579077,281.2725981,0,1.0,0.0,0.0,0.0,0.0,0.0,0.0,0.0,0.0,0.0,0.0,0.0
18.77086724,0.4137487180801761,17.21561455,1.3142340871927072,357.889048,0,0.0,0.0,0.0,0.0,0.0,1.0,0.0,0.0,0.0,0.0,0.0,0.0
20.87984884,0.3406231204848522,18.09431205,1.5214394177131223,324.9106368,0,0.0,0.0,0.0,0.0,0.0,0.0,1.0,0.0,0.0,0.0,0.0,0.0
18.28836961,0.2637770606162421,10.95773204,0.9792857847271496,6.746537979,0,0.0,0.0,0.0,0.0,0.0,0.0,0.0,0.0,0.0,0.0,0.0,1.0
23.06665263,0.1174217793000518,18.12428536,1.0823675908077568,13.89717632,0,0.0,0.0,0.0,0.0,0.0,0.0,0.0,1.0,0.0,0.0,0.0,0.0
21.89931965,0.0352058769734857,43.61964593,1.2641438366038351,182.4385213,0,1.0,0.0,0.0,0.0,0.0,0.0,0.0,0.0,0.0,0.0,0.0,0.0
20.4362623,0.1099313172105019,9.06650274,1.6499757819866794,339.7926569,0,0.0,0.0,0.0,0.0,0.0,0.0,0.0,0.0,1.0,0.0,0.0,0.0
25.09002981,0.4194293782581921,11.8627347,1.8516250510465024,40.67362254,0,0.0,0.0,0.0,0.0,0.0,0.0,0.0,1.0,0.0,0.0,0.0,0.0
17.68913867,0.0474286977945441,157.4632125,2.270183492243113,169.1063584,0,0.0,0.0,0.0,0.0,0.0,0.0,0.0,0.0,0.0,0.0,0.0,1.0
18.28836961,0.2637770606162421,10.95773204,1.038906470830327,7.003401717,0,0.0,0.0,0.0,0.0,0.0,0.0,0.0,0.0,0.0,0.0,0.0,1.0
22.2728662,0.0739057729985647,26.97284343,1.4072852199344053,53.80726872,0,0.0,0.0,1.0,0.0,0.0,0.0,0.0,0.0,0.0,0.0,0.0,0.0
21.29230649,0.0241847499914541,35.86982352,1.166882604241065,146.0386565,0,1.0,0.0,0.0,0.0,0.0,0.0,0.0,0.0,0.0,0.0,0.0,0.0
19.90707135,0.1729471675212557,9.020774317,2.4390318278756293,252.3137372,0,0.0,0.0,0.0,0.0,0.0,0.0,1.0,0.0,0.0,0.0,0.0,0.0
19.44792037,0.3789213941362982,16.15393285,1.1780778565977703,109.4529202,0,0.0,0.0,0.0,0.0,0.0,0.0,0.0,0.0,0.0,0.0,1.0,0.0
23.30790145,0.2084354767345091,26.76750892,2.065614474233342,182.1226994,0,1.0,0.0,0.0,0.0,0.0,0.0,0.0,0.0,0.0,0.0,0.0,0.0
21.93823074,0.1016284104087933,93.10729238,1.6309706888254516,160.468313,0,0.0,0.0,1.0,0.0,0.0,0.0,0.0,0.0,0.0,0.0,0.0,0.0
21.91488408,0.0827952666740174,331.2602047,2.035892853158038,11.58457747,0,1.0,0.0,0.0,0.0,0.0,0.0,0.0,0.0,0.0,0.0,0.0,0.0
19.19888934,0.1989281664125881,190.5464495,2.256767551271331,199.0059842,0,0.0,0.0,0.0,0.0,0.0,0.0,0.0,0.0,1.0,0.0,0.0,0.0
19.85259581,0.2527764952732085,18.24268183,1.96412089850141,7.999266717,0,0.0,1.0,0.0,0.0,0.0,0.0,0.0,0.0,0.0,0.0,0.0,0.0
19.79033805,0.1152552577382444,34.72231222,1.3756221999023577,148.6122867,0,0.0,0.0,0.0,0.0,0.0,0.0,0.0,0.0,0.0,0.0,1.0,0.0
19.56465367,0.0842995547378627,74.71000864,1.5556848496108917,134.3508638,0,0.0,0.0,0.0,0.0,0.0,0.0,0.0,0.0,0.0,1.0,0.0,0.0
19.40900927,0.2725596612529929,13.80614117,1.522477941395889,83.78395428,0,0.0,0.0,0.0,0.0,0.0,0.0,0.0,0.0,0.0,0.0,1.0,0.0
23.30790145,0.3020526907111575,36.23517722,2.2775548005962647,164.5744387,0,0.0,0.0,0.0,1.0,0.0,0.0,0.0,0.0,0.0,0.0,0.0,0.0
16.93426334,0.0855447620354967,12.23150092,1.890745014775252,236.4534108,0,0.0,0.0,0.0,0.0,0.0,0.0,0.0,0.0,0.0,0.0,0.0,1.0
23.92269682,0.0521953114977706,56.85300417,1.26533395408612,180.117289,0,0.0,0.0,0.0,0.0,0.0,0.0,0.0,1.0,0.0,0.0,0.0,0.0
23.15225705,0.032149534656459,81.94558555,1.8318461507519588,199.8968324,0,0.0,0.0,0.0,0.0,0.0,0.0,0.0,0.0,1.0,0.0,0.0,0.0
18.35062737,0.3081907482311762,5.141799609,1.8368194437714973,10.69434959,0,0.0,0.0,0.0,0.0,0.0,0.0,0.0,0.0,0.0,0.0,0.0,1.0
22.67754164,0.1680528419697691,352.1401588,2.293931920451148,45.56222749,0,0.0,0.0,0.0,0.0,0.0,0.0,0.0,1.0,0.0,0.0,0.0,0.0
24.66978993,0.1499171794828529,110.3156271,2.580302418353745,160.3177958,0,0.0,0.0,0.0,0.0,0.0,0.0,0.0,1.0,0.0,0.0,0.0,0.0
20.69307556,0.0951213065143424,17.99166344,1.7043918786200687,82.38124409,0,0.0,0.0,1.0,0.0,0.0,0.0,0.0,0.0,0.0,0.0,0.0,0.0
22.17947956,0.0094600483080831,275.5275402,1.0862896309581482,6.856355976,0,1.0,0.0,0.0,0.0,0.0,0.0,0.0,0.0,0.0,0.0,0.0,0.0
23.17560371,0.0565398585184884,65.18286913,1.5838002120589258,170.6168374,0,0.0,0.0,0.0,1.0,0.0,0.0,0.0,0.0,0.0,0.0,0.0,0.0
23.04330597,0.0708436187305658,156.7388595,1.6873559371819735,162.1327418,0,0.0,0.0,0.0,1.0,0.0,0.0,0.0,0.0,0.0,0.0,0.0,0.0
22.63863054,0.01506564017318,120.17352,0.9750394011207718,139.4771121,0,0.0,0.0,0.0,0.0,1.0,0.0,0.0,0.0,0.0,0.0,0.0,0.0
21.59581307,0.3542462502483923,17.29022636,1.3252223742037352,179.9459983,0,0.0,0.0,0.0,0.0,0.0,0.0,1.0,0.0,0.0,0.0,0.0,0.0
19.92263579,0.0895294224671402,54.54913393,1.910981289337504,174.4866,0,0.0,0.0,0.0,0.0,0.0,0.0,0.0,0.0,0.0,1.0,0.0,0.0
22.77871049,0.1839949159472624,336.4945316,2.1201323754789,38.59783597,0,0.0,0.0,0.0,0.0,1.0,0.0,0.0,0.0,0.0,0.0,0.0,0.0
16.63075677,0.2599801316030689,8.571535154,1.3039342001621392,37.50927088,0,0.0,0.0,0.0,0.0,0.0,0.0,0.0,0.0,0.0,0.0,0.0,1.0
24.23398562,0.2616777688833097,8.626157315,1.2789561569580574,53.8033946,0,0.0,0.0,0.0,1.0,0.0,0.0,0.0,0.0,0.0,0.0,0.0,0.0
22.80205715,0.1092481040840059,38.99099404,0.944499544065746,148.3116375,0,0.0,0.0,0.0,0.0,1.0,0.0,0.0,0.0,0.0,0.0,0.0,0.0
19.222236,0.286580035431991,16.61849625,2.010084116519125,248.2200896,0,0.0,1.0,0.0,0.0,0.0,0.0,0.0,0.0,0.0,0.0,0.0,0.0
20.6308178,0.3112258986103562,26.2437698,1.8757483960189472,127.7826208,0,0.0,0.0,1.0,0.0,0.0,0.0,0.0,0.0,0.0,0.0,0.0,0.0
22.29621286,0.1131922831475087,83.27311595,1.9817328450699303,159.8487666,0,0.0,0.0,1.0,0.0,0.0,0.0,0.0,0.0,0.0,0.0,0.0,0.0
20.70864,0.1224331988687292,202.5992104,2.699778467782244,240.7579285,0,0.0,0.0,0.0,0.0,0.0,0.0,0.0,0.0,1.0,0.0,0.0,0.0
23.36237699,0.2649293863429331,348.2152515,2.246640878033849,24.74186562,0,0.0,0.0,0.0,0.0,1.0,0.0,0.0,0.0,0.0,0.0,0.0,0.0
19.23780044,0.2872977200978772,8.70222379,1.7812304494634197,331.17729,0,0.0,0.0,0.0,0.0,0.0,0.0,0.0,0.0,0.0,0.0,0.0,1.0
19.76699139,0.2689167545541328,184.4247845,2.335197209028121,184.6501086,0,0.0,0.0,0.0,0.0,0.0,1.0,0.0,0.0,0.0,0.0,0.0,0.0
24.10168788,0.0584565056208045,344.4136955,1.6501073825551007,294.5187936,0,0.0,0.0,0.0,0.0,0.0,0.0,0.0,1.0,0.0,0.0,0.0,0.0
20.8642844,0.239919470197227,6.917047101,1.9938839829749977,285.8048624,0,0.0,0.0,0.0,0.0,0.0,0.0,0.0,0.0,1.0,0.0,0.0,0.0
20.9421066,0.1949587648564912,10.29031546,1.7058556704653305,30.81894864,0,0.0,0.0,1.0,0.0,0.0,0.0,0.0,0.0,0.0,0.0,0.0,0.0
18.46736067,0.0406766431572575,358.7363274,2.3873584356103463,238.4603606,0,0.0,0.0,0.0,0.0,0.0,0.0,0.0,0.0,0.0,0.0,0.0,1.0
21.02771102,0.032970823215625,100.491477,2.093109969657057,206.8700627,0,0.0,0.0,0.0,0.0,0.0,0.0,0.0,0.0,0.0,0.0,1.0,0.0
20.68529334,0.2551840676707632,350.3300136,2.023956002495671,358.2391809,0,0.0,0.0,1.0,0.0,0.0,0.0,0.0,0.0,0.0,0.0,0.0,0.0
23.33903033,0.08366910648767,132.4489049,1.781542587014896,161.684467,0,0.0,0.0,0.0,1.0,0.0,0.0,0.0,0.0,0.0,0.0,0.0,0.0
22.77871049,0.1839949159472624,336.4945316,2.1201323754789,38.59783597,0,0.0,0.0,0.0,0.0,1.0,0.0,0.0,0.0,0.0,0.0,0.0,0.0
23.33124811,0.2726152203492949,357.6001193,2.2289063714683204,24.91468066,0,0.0,0.0,0.0,1.0,0.0,0.0,0.0,0.0,0.0,0.0,0.0,0.0
21.33899981,0.207282792651459,10.53571231,1.7561377677357128,358.8473856,0,0.0,0.0,0.0,0.0,0.0,0.0,0.0,0.0,1.0,0.0,0.0,0.0
19.20667156,0.3204791077487618,16.81007623,2.4385095442184035,254.6848058,0,0.0,0.0,0.0,0.0,0.0,1.0,0.0,0.0,0.0,0.0,0.0,0.0
19.96932911,0.1785348638131212,22.20009795,0.976769847387414,53.86000281,0,0.0,0.0,0.0,0.0,0.0,0.0,0.0,0.0,0.0,1.0,0.0,0.0
20.85650218,0.1318771099281233,59.99356621,1.903463354309406,165.092152,0,0.0,0.0,1.0,0.0,0.0,0.0,0.0,0.0,0.0,0.0,0.0,0.0
18.38953847,0.168242221472079,357.995466,2.135497219514589,272.88088,0,0.0,0.0,0.0,0.0,0.0,0.0,0.0,0.0,0.0,0.0,0.0,1.0
21.07440433,0.2321178709738678,6.842773413,1.968202193387351,344.8118243,0,0.0,0.0,0.0,0.0,0.0,0.0,0.0,0.0,1.0,0.0,0.0,0.0
21.41682201,0.1756358186378767,345.8312299,2.295944587157896,26.43060689,0,0.0,0.0,1.0,0.0,0.0,0.0,0.0,0.0,0.0,0.0,0.0,0.0
23.62697246,0.2153134995119239,349.0897326,2.2415026729727514,30.89071016,0,0.0,0.0,0.0,0.0,1.0,0.0,0.0,0.0,0.0,0.0,0.0,0.0
23.79039908,0.1498544594172821,20.55604522,1.416208488575468,138.1957667,0,1.0,0.0,0.0,0.0,0.0,0.0,0.0,0.0,0.0,0.0,0.0,0.0
19.65025809,0.0260882879383641,216.0760116,2.03818631530738,234.4129629,0,0.0,0.0,0.0,0.0,0.0,0.0,1.0,0.0,0.0,0.0,0.0,0.0
21.62694195,0.1820509060046671,358.3359118,2.246433342980357,24.05029853,0,0.0,0.0,1.0,0.0,0.0,0.0,0.0,0.0,0.0,0.0,0.0,0.0
21.35456425,0.0318345999686775,13.64291478,1.8773170002706376,204.2320466,0,0.0,0.0,0.0,0.0,0.0,0.0,0.0,0.0,1.0,0.0,0.0,0.0
24.93438541,0.3935072591582916,16.09483682,1.4639332204020548,199.4076552,0,1.0,0.0,0.0,0.0,0.0,0.0,0.0,0.0,0.0,0.0,0.0,0.0
18.26502295,0.0509882618198467,11.44104387,1.9432122293692853,218.6990114,0,0.0,0.0,0.0,0.0,0.0,0.0,0.0,0.0,0.0,0.0,0.0,1.0
19.34675151,0.3665439821808149,4.625888064,1.490681000639256,28.85449833,0,0.0,0.0,0.0,0.0,0.0,0.0,0.0,0.0,0.0,0.0,1.0,0.0
22.63084832,0.1568288608680875,4.019582488,1.720016105388351,357.6397987,0,0.0,0.0,0.0,0.0,0.0,0.0,0.0,0.0,1.0,0.0,0.0,0.0
21.81371523,0.039947024325452,39.53090503,1.7057139245812627,164.734715,0,1.0,0.0,0.0,0.0,0.0,0.0,0.0,0.0,0.0,0.0,0.0,0.0
19.0276805,0.312837615678107,21.34170935,2.456510740932099,198.4061892,0,0.0,1.0,0.0,0.0,0.0,0.0,0.0,0.0,0.0,0.0,0.0,0.0
19.61134699,0.150148940681931,9.213906015,1.90261066621876,248.3078964,0,0.0,0.0,0.0,0.0,0.0,1.0,0.0,0.0,0.0,0.0,0.0,0.0
19.05102716,0.1433910084721199,10.95406264,2.147090968498982,270.1480253,0,0.0,1.0,0.0,0.0,0.0,0.0,0.0,0.0,0.0,0.0,0.0,0.0
20.14832017,0.3558115787462401,26.96763387,2.1098508742295605,167.6543131,0,0.0,0.0,0.0,0.0,0.0,0.0,0.0,0.0,0.0,0.0,1.0,0.0
22.5063328,0.1565307514939838,352.1325866,2.210430109000155,24.641662,0,0.0,0.0,0.0,0.0,1.0,0.0,0.0,0.0,0.0,0.0,0.0,0.0
21.70476415,0.1147406014769483,157.1035598,2.3330161246358188,178.0120852,0,1.0,0.0,0.0,0.0,0.0,0.0,0.0,0.0,0.0,0.0,0.0,0.0
21.66585305,0.0717962357203271,328.0693179,2.424991246000327,302.0107565,0,0.0,0.0,0.0,0.0,0.0,0.0,0.0,0.0,1.0,0.0,0.0,0.0
19.19110712,0.1763382625356598,16.45606215,2.2269390028507896,246.4413763,0,0.0,0.0,0.0,0.0,0.0,1.0,0.0,0.0,0.0,0.0,0.0,0.0
21.58803085,0.352565749250658,6.924915488,1.9392515688314529,26.44176233,0,0.0,0.0,1.0,0.0,0.0,0.0,0.0,0.0,0.0,0.0,0.0,0.0
23.09778151,0.1062080615892816,102.105656,2.033677480632117,148.6625471,0,0.0,0.0,0.0,0.0,1.0,0.0,0.0,0.0,0.0,0.0,0.0,0.0
19.76699139,0.2689167545541328,184.4247845,2.388252795999644,180.8972941,0,0.0,0.0,0.0,0.0,0.0,1.0,0.0,0.0,0.0,0.0,0.0,0.0
24.65422549,0.4119696191685533,8.746162263,1.926928977429164,20.11561472,0,0.0,0.0,0.0,1.0,0.0,0.0,0.0,0.0,0.0,0.0,0.0,0.0
24.59196773,0.1328958953639066,4.927109948,1.670513799379815,7.019933815,0,0.0,0.0,0.0,0.0,0.0,0.0,0.0,1.0,0.0,0.0,0.0,0.0
21.88375521,0.011719266353917,201.2505055,1.728960901581981,182.1574376,0,1.0,0.0,0.0,0.0,0.0,0.0,0.0,0.0,0.0,0.0,0.0,0.0
20.2027957,0.0710135881963824,238.2212802,2.190681927918104,288.8449189,0,0.0,0.0,0.0,0.0,0.0,0.0,0.0,0.0,1.0,0.0,0.0,0.0
19.69695141,0.2608735531400385,356.6542088,1.9268492183798935,10.14791574,0,0.0,0.0,0.0,0.0,0.0,0.0,0.0,0.0,0.0,1.0,0.0,0.0
24.16394564,0.1002106908435642,101.8630262,2.328443713435413,164.3655101,0,0.0,0.0,0.0,0.0,0.0,0.0,0.0,1.0,0.0,0.0,0.0,0.0
19.23780044,0.2872977200978772,8.70222379,1.8080059431544035,328.5142464,0,0.0,0.0,0.0,0.0,0.0,0.0,0.0,0.0,0.0,0.0,0.0,1.0
21.49464421,0.1312892292287935,11.79879245,1.8308769482067184,309.6761285,0,0.0,0.0,0.0,0.0,0.0,0.0,1.0,0.0,0.0,0.0,0.0,0.0
20.73198666,0.0485554652012122,271.0544045,2.103647613977453,282.6682461,0,0.0,0.0,0.0,0.0,0.0,0.0,0.0,0.0,0.0,1.0,0.0,0.0
24.15616342,0.0779960654987507,143.259438,2.2098569204781118,162.5477996,0,1.0,0.0,0.0,0.0,0.0,0.0,0.0,0.0,0.0,0.0,0.0,0.0
19.74364473,0.3868722362826647,11.8181179,2.487031128983117,15.86639293,0,0.0,0.0,0.0,0.0,0.0,0.0,0.0,0.0,0.0,0.0,1.0,0.0
22.4285106,0.3107621231237485,181.1515189,2.580048041105926,192.8850525,0,0.0,0.0,0.0,0.0,1.0,0.0,0.0,0.0,0.0,0.0,0.0,0.0
21.79815079,0.0382557053753227,230.0796079,1.4174954274567606,10.38807553,0,1.0,0.0,0.0,0.0,0.0,0.0,0.0,0.0,0.0,0.0,0.0,0.0
15.58015708,0.160524681506453,354.5691887,1.6986294962945916,10.48113602,0,0.0,1.0,0.0,0.0,0.0,0.0,0.0,0.0,0.0,0.0,0.0,0.0
22.75536384,0.1242933327199156,176.8274986,1.8552309810010468,161.4600659,0,1.0,0.0,0.0,0.0,0.0,0.0,0.0,0.0,0.0,0.0,0.0,0.0
23.52580361,0.0713744587220208,307.6262336,0.8560072731049891,13.00700864,0,0.0,0.0,0.0,1.0,0.0,0.0,0.0,0.0,0.0,0.0,0.0,0.0
22.90322601,0.0550983437964688,62.74467163,1.7148402463375316,136.2159195,0,0.0,0.0,0.0,1.0,0.0,0.0,0.0,0.0,0.0,0.0,0.0,0.0
23.16782149,0.2581278025524654,359.8812524,2.034263542804153,30.060914,0,0.0,0.0,0.0,0.0,1.0,0.0,0.0,0.0,0.0,0.0,0.0,0.0
21.52577309,0.3386027583043925,12.7311823,2.145614343254905,292.7339211,0,0.0,0.0,0.0,0.0,0.0,0.0,1.0,0.0,0.0,0.0,0.0,0.0
23.30790145,0.2756353572797433,24.00164836,1.5319324600210416,230.8422874,0,0.0,0.0,0.0,1.0,0.0,0.0,0.0,0.0,0.0,0.0,0.0,0.0
19.01989828,0.0479694379419724,106.9719169,1.6151229861353753,201.5813199,0,0.0,0.0,0.0,0.0,0.0,0.0,0.0,0.0,0.0,1.0,0.0,0.0
24.67757215,0.3583313033178447,27.54499112,2.158674746602105,194.702416,0,0.0,0.0,0.0,1.0,0.0,0.0,0.0,0.0,0.0,0.0,0.0,0.0
20.42848008,0.1964384578018757,25.30402698,1.326109487225164,115.6001609,0,0.0,0.0,0.0,0.0,0.0,0.0,0.0,0.0,1.0,0.0,0.0,0.0
23.16782149,0.0497018313317519,136.9414864,2.0969303182290284,168.5896745,0,0.0,0.0,0.0,1.0,0.0,0.0,0.0,0.0,0.0,0.0,0.0,0.0
23.28455479,0.0431805836608153,48.9259077,2.2264937923439847,173.4614986,0,0.0,0.0,0.0,0.0,0.0,0.0,0.0,1.0,0.0,0.0,0.0,0.0
22.2728662,0.2052725406209099,6.382564005,2.203604896409173,308.5441295,0,0.0,0.0,0.0,0.0,0.0,0.0,0.0,0.0,1.0,0.0,0.0,0.0
21.93823074,0.1857956210717599,175.5421795,2.024839136376908,154.2215111,0,0.0,0.0,0.0,0.0,1.0,0.0,0.0,0.0,0.0,0.0,0.0,0.0
19.41679149,0.0500457689011214,26.1079137,1.2510185601852146,231.3588792,0,0.0,0.0,0.0,0.0,0.0,0.0,1.0,0.0,0.0,0.0,0.0,0.0
20.77089776,0.130257700687683,3.521453377,1.939266168760296,42.66901788,0,0.0,0.0,1.0,0.0,0.0,0.0,0.0,0.0,0.0,0.0,0.0,0.0
19.59578255,0.0612054084213563,36.14958247,2.087801863965806,240.5444889,0,0.0,1.0,0.0,0.0,0.0,0.0,0.0,0.0,0.0,0.0,0.0,0.0
21.08218655,0.1755796486187571,356.9010247,1.6796417766665932,20.3059168,0,0.0,0.0,0.0,0.0,0.0,0.0,0.0,0.0,0.0,1.0,0.0,0.0
18.77086724,0.4137487180801761,17.21561455,1.1930628063415338,359.0906196,0,0.0,0.0,0.0,0.0,0.0,1.0,0.0,0.0,0.0,0.0,0.0,0.0
18.84868944,0.0968182076131389,15.4964897,1.3916858063742128,322.9869002,0,0.0,1.0,0.0,0.0,0.0,0.0,0.0,0.0,0.0,0.0,0.0,0.0
19.71251585,0.3405182063501333,16.88089907,1.8551978133615357,225.6553952,0,0.0,0.0,0.0,0.0,0.0,1.0,0.0,0.0,0.0,0.0,0.0,0.0
20.91097772,0.2399212260904675,352.5630315,2.0951158672182637,22.34767802,0,0.0,0.0,1.0,0.0,0.0,0.0,0.0,0.0,0.0,0.0,0.0,0.0
20.46739118,0.1636928558265511,30.52536301,2.4516082722007315,213.3720969,0,0.0,0.0,0.0,0.0,0.0,0.0,0.0,0.0,0.0,0.0,1.0,0.0
19.73586251,0.1929950839983819,346.0633666,1.5190629696485805,341.2677092,0,0.0,0.0,0.0,0.0,0.0,0.0,0.0,0.0,0.0,0.0,1.0,0.0
18.46736067,0.4119098937906318,7.188843778,1.4180734261218355,311.7113135,0,0.0,0.0,0.0,0.0,0.0,0.0,0.0,0.0,0.0,0.0,0.0,1.0
23.23007925,0.2121104482587363,20.33084755,1.795320478634619,201.3820517,0,1.0,0.0,0.0,0.0,0.0,0.0,0.0,0.0,0.0,0.0,0.0,0.0
22.22617288,0.0986686519995397,346.2091331,2.187488764517968,19.31451828,0,0.0,0.0,0.0,0.0,0.0,0.0,0.0,1.0,0.0,0.0,0.0,0.0
20.9421066,0.2462884630283511,348.5918323,2.202771439457468,25.50398601,0,0.0,0.0,0.0,0.0,0.0,0.0,0.0,0.0,0.0,1.0,0.0,0.0
19.19888934,0.3215660769235109,17.07900261,1.867734799093129,301.6373311,0,0.0,0.0,0.0,0.0,0.0,1.0,0.0,0.0,0.0,0.0,0.0,0.0
20.40513342,0.299002474229997,20.4503444,1.7204182709717486,200.436116,0,0.0,0.0,0.0,0.0,0.0,0.0,0.0,0.0,1.0,0.0,0.0,0.0
19.05102716,0.0173194949124046,332.9873347,1.5173933519460336,292.4006507,0,0.0,0.0,0.0,0.0,0.0,0.0,0.0,0.0,0.0,0.0,0.0,1.0
19.32340486,0.2550225220179739,18.2445981,2.27531719024625,249.5299619,0,0.0,1.0,0.0,0.0,0.0,0.0,0.0,0.0,0.0,0.0,0.0,0.0
21.06662211,0.3650677511943757,9.488419122,2.0621857442050646,34.61265427,0,0.0,0.0,0.0,0.0,0.0,0.0,0.0,0.0,0.0,1.0,0.0,0.0
24.15616342,0.0779960654987507,143.259438,2.2710418509396244,160.2508842,0,1.0,0.0,0.0,0.0,0.0,0.0,0.0,0.0,0.0,0.0,0.0,0.0
17.04321442,0.0516369187919219,212.7748773,1.759810289399044,14.40103608,0,0.0,1.0,0.0,0.0,0.0,0.0,0.0,0.0,0.0,0.0,0.0,0.0
21.46351533,0.1515095886429096,44.24416285,1.7492178871684143,147.3902814,0,0.0,0.0,1.0,0.0,0.0,0.0,0.0,0.0,0.0,0.0,0.0,0.0
18.57631174,0.0590522521732928,336.6504328,1.9823581476099328,299.4827259,0,0.0,0.0,0.0,0.0,0.0,1.0,0.0,0.0,0.0,0.0,0.0,0.0
24.25733228,0.1155198775337749,37.81236534,1.9495097659396523,182.1921289,0,0.0,0.0,0.0,0.0,0.0,0.0,0.0,1.0,0.0,0.0,0.0,0.0
17.33115656,0.1829916414037745,15.51478855,1.4224929114148448,323.9360304,0,0.0,0.0,0.0,0.0,0.0,1.0,0.0,0.0,0.0,0.0,0.0,0.0
23.00439487,0.2081933576083751,356.5226301,1.9412200322034605,1.100263817,0,1.0,0.0,0.0,0.0,0.0,0.0,0.0,0.0,0.0,0.0,0.0,0.0
21.9615774,0.082303453338123,30.57922687,1.234876066841614,138.4859008,0,0.0,0.0,0.0,0.0,1.0,0.0,0.0,0.0,0.0,0.0,0.0,0.0
24.25733228,0.2234070078065002,152.7164462,2.7167575987777624,185.0271382,0,0.0,0.0,0.0,0.0,0.0,0.0,0.0,1.0,0.0,0.0,0.0,0.0
18.91872942,0.2719891143300497,9.554289672,2.2347997918861244,62.04741924,0,0.0,0.0,0.0,0.0,0.0,0.0,0.0,0.0,0.0,0.0,1.0,0.0
24.98107873,0.2943961256684461,18.61263463,1.9619206488172776,103.4501633,0,0.0,0.0,0.0,0.0,0.0,0.0,0.0,1.0,0.0,0.0,0.0,0.0
20.85650218,0.1397791744005995,209.2244192,2.3954182273619367,252.8615213,0,1.0,0.0,0.0,0.0,0.0,0.0,0.0,0.0,0.0,0.0,0.0,0.0
21.52577309,0.3386027583043925,12.7311823,2.087126993168595,298.6585188,0,0.0,0.0,0.0,0.0,0.0,0.0,1.0,0.0,0.0,0.0,0.0,0.0
22.07052848,0.2217936742399641,25.39976721,2.155757022982417,186.0110519,0,0.0,0.0,0.0,0.0,0.0,0.0,1.0,0.0,0.0,0.0,0.0,0.0
22.89544379,0.0610051752791325,11.4734785,1.4786067477106717,270.463274,0,1.0,0.0,0.0,0.0,0.0,0.0,0.0,0.0,0.0,0.0,0.0,0.0
19.54130701,0.399077077349712,9.925367532,1.1576822648450906,31.70827249,0,0.0,0.0,0.0,0.0,0.0,0.0,0.0,0.0,0.0,0.0,1.0,0.0
21.47907977,0.0189488619618628,33.94358702,2.0845197265950755,208.6552795,0,0.0,0.0,0.0,0.0,0.0,0.0,0.0,0.0,1.0,0.0,0.0,0.0
24.10168788,0.1889243345676323,4.798556848,1.4501303508525534,28.34410535,0,0.0,0.0,0.0,0.0,0.0,0.0,0.0,1.0,0.0,0.0,0.0,0.0
18.60744062,0.0621448548528697,156.7297898,2.1401236313743723,174.2112192,0,0.0,1.0,0.0,0.0,0.0,0.0,0.0,0.0,0.0,0.0,0.0,0.0
18.45957845,0.1922764057887311,19.9478736,1.6803638427583534,43.50209659,0,0.0,0.0,0.0,0.0,0.0,0.0,0.0,0.0,0.0,0.0,0.0,1.0
19.65804031,0.0466035753255028,86.33221194,1.089957658498814,163.4057261,0,0.0,0.0,0.0,0.0,0.0,0.0,0.0,0.0,0.0,1.0,0.0,0.0
23.89935016,0.1574374521826563,43.98473803,2.154895299982008,176.5646121,0,0.0,0.0,0.0,0.0,0.0,0.0,0.0,1.0,0.0,0.0,0.0,0.0
21.38569313,0.1151495497409935,16.71296777,1.594460796878069,305.8094082,0,0.0,0.0,0.0,0.0,0.0,0.0,1.0,0.0,0.0,0.0,0.0,0.0
18.42066735,0.359258259304436,14.05586531,1.2090923359318693,208.9220394,0,0.0,0.0,0.0,0.0,0.0,0.0,0.0,0.0,0.0,0.0,0.0,1.0
21.39347535,0.0589879872604418,169.8753283,1.8188187123086856,156.3044513,0,0.0,0.0,0.0,0.0,0.0,0.0,0.0,0.0,1.0,0.0,0.0,0.0
24.65422549,0.4026633963098123,15.56753118,1.852191800871645,49.92424326,0,0.0,0.0,0.0,1.0,0.0,0.0,0.0,0.0,0.0,0.0,0.0,0.0
20.9810177,0.1319014284543742,36.99391429,1.6623898643384218,142.2184491,0,0.0,0.0,1.0,0.0,0.0,0.0,0.0,0.0,0.0,0.0,0.0,0.0
19.65804031,0.3577196935977001,10.63214346,1.5291994700891165,354.9158234,0,0.0,0.0,0.0,0.0,0.0,0.0,0.0,0.0,1.0,0.0,0.0,0.0
24.41297668,0.0752040670792825,67.24236368,1.830196176250626,187.7330751,0,0.0,0.0,0.0,0.0,0.0,0.0,0.0,1.0,0.0,0.0,0.0,0.0
18.69304504,0.1554955402398176,19.38814694,0.8324936588157508,293.1985905,0,0.0,1.0,0.0,0.0,0.0,0.0,0.0,0.0,0.0,0.0,0.0,0.0
22.10943958,0.0147818649245104,45.83031549,1.6825414477671543,225.6746037,0,1.0,0.0,0.0,0.0,0.0,0.0,0.0,0.0,0.0,0.0,0.0,0.0
20.15610239,0.2880493397508892,23.7763435,2.23603658069698,168.8774167,0,0.0,0.0,0.0,0.0,0.0,0.0,1.0,0.0,0.0,0.0,0.0,0.0
20.16388461,0.0439525197089829,187.4146303,2.0054343904819723,197.0406644,0,0.0,0.0,0.0,0.0,0.0,0.0,1.0,0.0,0.0,0.0,0.0,0.0
24.25733228,0.2212154625451035,16.4692506,1.7705571270679192,85.54142447,0,0.0,0.0,0.0,1.0,0.0,0.0,0.0,0.0,0.0,0.0,0.0,0.0
19.60356477,0.0369947558166848,148.2405199,1.74956184337045,217.7431013,0,0.0,0.0,0.0,0.0,0.0,0.0,0.0,0.0,0.0,1.0,0.0,0.0
19.55687145,0.3628976793979673,8.706658417,1.7525400673005809,46.09511323,0,0.0,0.0,0.0,0.0,0.0,0.0,0.0,0.0,0.0,0.0,1.0,0.0
21.81371523,0.204507003051536,12.1109028,1.7768324074126387,21.1356687,0,0.0,0.0,1.0,0.0,0.0,0.0,0.0,0.0,0.0,0.0,0.0,0.0
19.44013815,0.1427804681259182,316.3696803,1.962727795754366,346.2239885,0,0.0,0.0,0.0,0.0,0.0,0.0,0.0,0.0,0.0,1.0,0.0,0.0
21.45573311,0.015747907233663,271.1017061,2.3477672101736182,227.6547119,0,0.0,0.0,0.0,0.0,0.0,0.0,0.0,0.0,1.0,0.0,0.0,0.0
19.37009817,0.3964980707967439,11.76096004,2.2444599704064343,9.031939471,0,0.0,0.0,0.0,0.0,0.0,0.0,0.0,0.0,0.0,0.0,1.0,0.0
20.27283568,0.2565994923602203,17.92457432,2.023946111462861,71.08732802,0,0.0,0.0,0.0,0.0,0.0,0.0,0.0,0.0,0.0,1.0,0.0,0.0
19.03546272,0.2786329208520837,19.41588614,1.9131190151695583,153.5100643,0,0.0,0.0,0.0,0.0,0.0,0.0,0.0,0.0,0.0,0.0,1.0,0.0
24.28846116,0.0878926029293055,60.11347306,2.1046338531803963,164.0972783,0,1.0,0.0,0.0,0.0,0.0,0.0,0.0,0.0,0.0,0.0,0.0,0.0
22.75536384,0.2674253287253414,12.1823896,1.7454217907306406,56.23991552,0,1.0,0.0,0.0,0.0,0.0,0.0,0.0,0.0,0.0,0.0,0.0,0.0
24.39741224,0.224077129794176,359.9303818,2.0557966997891084,44.17147978,0,0.0,0.0,0.0,1.0,0.0,0.0,0.0,0.0,0.0,0.0,0.0,0.0
20.7864622,0.0327834179637701,15.9453959,1.7401020360938972,86.98136999,0,0.0,0.0,0.0,0.0,0.0,0.0,0.0,0.0,0.0,1.0,0.0,0.0
19.81368471,0.347563224315851,13.89338697,2.0932997977998054,252.0526044,0,0.0,0.0,0.0,0.0,0.0,0.0,0.0,0.0,0.0,0.0,1.0,0.0
20.62303558,0.219797681730102,200.1897302,2.04052630639344,272.3966142,0,0.0,0.0,0.0,0.0,0.0,0.0,0.0,0.0,1.0,0.0,0.0,0.0
21.17557319,0.0366537251029653,351.5387119,1.0228597398109405,159.9489015,0,1.0,0.0,0.0,0.0,0.0,0.0,0.0,0.0,0.0,0.0,0.0,0.0
23.63475468,0.1409671992394755,143.9386585,2.531665646978163,177.8660213,0,0.0,0.0,0.0,1.0,0.0,0.0,0.0,0.0,0.0,0.0,0.0,0.0
19.09772048,0.394855609891917,21.21123621,1.929943583138476,160.7116165,0,0.0,0.0,0.0,0.0,0.0,0.0,0.0,0.0,0.0,0.0,1.0,0.0
25.5958741,0.3674669720495171,14.77162149,1.2028580590282067,73.0032216,0,0.0,0.0,0.0,0.0,0.0,0.0,0.0,1.0,0.0,0.0,0.0,0.0
21.72811081,0.0966662989498606,163.5812916,0.9902217415423684,190.6442887,0,0.0,0.0,1.0,0.0,0.0,0.0,0.0,0.0,0.0,0.0,0.0,0.0
20.38178676,0.1612762182018527,19.66726588,1.7175698160462212,256.9613434,0,0.0,0.0,0.0,0.0,0.0,0.0,0.0,0.0,0.0,0.0,0.0,1.0
18.36619181,0.0151440035240052,90.0,0.8611533844675413,126.9791364,0,0.0,0.0,0.0,0.0,0.0,0.0,0.0,0.0,0.0,0.0,1.0,0.0
23.13669261,0.0888976790527456,150.0684882,2.1184749698684984,159.5692317,0,0.0,0.0,0.0,1.0,0.0,0.0,0.0,0.0,0.0,0.0,0.0,0.0
23.44019919,0.3274599901935175,3.6129325,2.3205551168036487,29.66626834,0,0.0,0.0,0.0,0.0,0.0,0.0,0.0,1.0,0.0,0.0,0.0,0.0
19.58021811,0.0692997739875608,174.386395,1.94659630445399,234.255792,0,0.0,0.0,0.0,0.0,0.0,0.0,0.0,0.0,0.0,1.0,0.0,0.0
20.00045799,0.0862617780271808,16.53193062,2.160672241411284,241.6136811,0,0.0,0.0,0.0,0.0,0.0,0.0,0.0,0.0,0.0,0.0,0.0,1.0
18.54518286,0.3009983070425273,17.91538056,2.2091084510014465,243.7188946,0,0.0,0.0,0.0,0.0,0.0,1.0,0.0,0.0,0.0,0.0,0.0,0.0
21.16000875,0.1560374479032519,196.6992442,1.2729328378737284,228.6748752,0,0.0,0.0,0.0,0.0,0.0,0.0,0.0,0.0,1.0,0.0,0.0,0.0
24.40519446,0.1685348994079278,26.56505118,1.2822748819816183,135.5873169,0,0.0,0.0,0.0,0.0,1.0,0.0,0.0,0.0,0.0,0.0,0.0,0.0
18.01599191,0.1246070218767528,131.8305065,2.495777803253537,160.4119989,0,0.0,1.0,0.0,0.0,0.0,0.0,0.0,0.0,0.0,0.0,0.0,0.0
18.54518286,0.3009983070425273,17.91538056,2.271513804308326,239.3290994,0,0.0,0.0,0.0,0.0,0.0,1.0,0.0,0.0,0.0,0.0,0.0,0.0
20.07049797,0.097561322262558,20.75575086,1.3894702411698356,213.1131456,1,0.0,0.0,0.0,0.0,0.0,0.0,0.0,0.0,0.0,0.0,1.0,0.0
20.46739118,0.1496194053777136,355.2273609,1.0749432926118654,356.9445439,1,0.0,0.0,0.0,0.0,0.0,0.0,0.0,0.0,0.0,0.0,1.0,0.0
19.97711133,0.2852947227488849,4.134671374,2.25606517358772,36.1557455,1,0.0,0.0,0.0,0.0,0.0,0.0,0.0,0.0,0.0,0.0,1.0,0.0
19.73586251,0.2078618230325721,18.72214331,1.5613386013207315,208.3020977,1,0.0,0.0,0.0,0.0,0.0,0.0,0.0,0.0,0.0,1.0,0.0,0.0
20.22614236,0.0430337582864912,65.3914972,0.967626492500002,152.9442047,1,0.0,0.0,0.0,0.0,0.0,0.0,0.0,0.0,0.0,1.0,0.0,0.0
20.56856004,0.0861056110741717,41.69813433,1.917357538323268,170.0769204,1,0.0,0.0,0.0,0.0,0.0,0.0,0.0,0.0,0.0,1.0,0.0,0.0
20.76311554,0.0556208456653794,152.3411289,1.5265299652126678,116.7225077,1,0.0,0.0,0.0,0.0,0.0,0.0,0.0,0.0,0.0,1.0,0.0,0.0
20.91875994,0.0903907949023895,6.483073693,1.7645722943820246,67.8035127,1,0.0,0.0,0.0,0.0,0.0,0.0,0.0,0.0,0.0,1.0,0.0,0.0
21.43238645,0.1848241077994054,1.378279154,1.9164612479758436,32.01220413,1,0.0,0.0,1.0,0.0,0.0,0.0,0.0,0.0,0.0,0.0,0.0,0.0
21.58024863,0.0691621690219816,71.87392031,1.3449961915275286,169.1849621,1,0.0,0.0,1.0,0.0,0.0,0.0,0.0,0.0,0.0,0.0,0.0,0.0
22.08609292,0.3298329135841598,12.49483021,2.0008854156419105,33.13683054,1,0.0,0.0,1.0,0.0,0.0,0.0,0.0,0.0,0.0,0.0,0.0,0.0
21.54911975,0.2843141751973248,356.0621305,2.270571230029653,24.30177134,1,0.0,0.0,1.0,0.0,0.0,0.0,0.0,0.0,0.0,0.0,0.0,0.0
23.09778151,0.1062080615892816,102.105656,2.0743723012640323,148.0048433,1,0.0,0.0,0.0,0.0,1.0,0.0,0.0,0.0,0.0,0.0,0.0,0.0
22.97326599,0.1771553716770967,21.71764379,1.7678833336712432,98.3212034,1,0.0,0.0,0.0,0.0,1.0,0.0,0.0,0.0,0.0,0.0,0.0,0.0
22.4674217,0.1017906804716012,347.6658945,1.52624315734113,33.76476863,1,0.0,0.0,0.0,0.0,1.0,0.0,0.0,0.0,0.0,0.0,0.0,0.0
23.9538257,0.1188866735351075,95.13172836,1.638122494792696,153.088622,1,0.0,0.0,0.0,0.0,1.0,0.0,0.0,0.0,0.0,0.0,0.0,0.0
23.45576363,0.1138344984334011,331.7483577,1.816730083009913,16.8823371,1,0.0,0.0,0.0,0.0,1.0,0.0,0.0,0.0,0.0,0.0,0.0,0.0
23.73592354,0.1810232752243691,346.0278696,2.213765898778037,21.56853565,1,0.0,0.0,0.0,0.0,1.0,0.0,0.0,0.0,0.0,0.0,0.0,0.0
22.87987935,0.2973206074244373,352.962678,2.412308448510295,21.31324059,1,0.0,0.0,0.0,0.0,1.0,0.0,0.0,0.0,0.0,0.0,0.0,0.0
23.51802139,0.3205559468229866,12.68941214,1.4359743511815732,32.11399131,1,0.0,0.0,0.0,0.0,1.0,0.0,0.0,0.0,0.0,0.0,0.0,0.0
24.15616342,0.167841866896628,42.42815939,1.5226125693390926,125.2836123,1,0.0,0.0,0.0,1.0,0.0,0.0,0.0,0.0,0.0,0.0,0.0,0.0
24.84099877,0.2533189634128169,41.91057172,2.055703257385823,133.3735963,1,0.0,0.0,0.0,1.0,0.0,0.0,0.0,0.0,0.0,0.0,0.0,0.0
23.86043906,0.3797046366927875,5.650317502,2.072559288461932,64.89549936,1,0.0,0.0,0.0,1.0,0.0,0.0,0.0,0.0,0.0,0.0,0.0,0.0
24.87212765,0.2995887349743019,29.00598244,2.2544937264336817,144.9757388,1,0.0,0.0,0.0,1.0,0.0,0.0,0.0,0.0,0.0,0.0,0.0,0.0
24.98107873,0.2943961256684461,18.61263463,2.027669770735369,101.9620514,1,0.0,0.0,0.0,0.0,0.0,0.0,0.0,1.0,0.0,0.0,0.0,0.0
24.68535437,0.2130926554605515,15.19700286,1.4999356622896054,121.3239177,1,0.0,0.0,0.0,0.0,0.0,0.0,0.0,1.0,0.0,0.0,0.0,0.0
24.63087883,0.1562441869112748,27.16619549,1.27100375518461,108.6557407,1,0.0,0.0,0.0,0.0,0.0,0.0,0.0,1.0,0.0,0.0,0.0,0.0
24.93438541,0.167532337589694,165.6614683,2.41344230619262,197.9525476,1,0.0,0.0,0.0,0.0,0.0,0.0,0.0,1.0,0.0,0.0,0.0,0.0
23.70479466,0.0214177830139631,68.49856568,2.178266825918546,150.6261588,1,0.0,0.0,0.0,0.0,0.0,0.0,0.0,1.0,0.0,0.0,0.0,0.0
23.7981813,0.1280058688713595,18.23249108,1.3623855869041892,15.99830058,1,0.0,0.0,0.0,0.0,0.0,0.0,0.0,1.0,0.0,0.0,0.0,0.0
21.14444431,0.2985584748633344,16.51150038,1.922071318053978,66.83330669,1,0.0,0.0,0.0,0.0,0.0,0.0,0.0,0.0,1.0,0.0,0.0,0.0
20.96545326,0.3142829487580035,14.01327463,2.354153969820268,30.69656703,1,0.0,0.0,0.0,0.0,0.0,0.0,0.0,0.0,1.0,0.0,0.0,0.0
19.93820023,0.0834995894590757,132.0170618,2.2883371540641515,149.0882386,1,0.0,0.0,0.0,0.0,0.0,0.0,1.0,0.0,0.0,0.0,0.0,0.0
20.28840012,0.2679153830748264,16.14865474,1.1666982193641222,266.9960782,1,0.0,0.0,0.0,0.0,0.0,0.0,1.0,0.0,0.0,0.0,0.0,0.0
19.05102716,0.152876190868268,8.713969104,1.8430269801748824,55.09536293,1,0.0,0.0,0.0,0.0,0.0,0.0,0.0,0.0,0.0,0.0,1.0,0.0
19.12884936,0.3037499880626491,0.0,1.9316238409948256,26.9947756,1,0.0,0.0,0.0,0.0,0.0,0.0,0.0,0.0,0.0,0.0,1.0,0.0
19.82924915,0.1454767858532404,56.52672628,2.5162612027812674,176.3664133,1,0.0,0.0,0.0,0.0,0.0,0.0,0.0,0.0,0.0,0.0,1.0,0.0
19.96154689,0.0937772627598397,40.21547031,1.341855287536733,152.7738276,1,0.0,0.0,0.0,0.0,0.0,0.0,0.0,0.0,0.0,1.0,0.0,0.0
20.84871996,0.3801296958663563,11.30251746,2.000632840255224,28.28732108,1,0.0,0.0,0.0,0.0,0.0,0.0,0.0,0.0,0.0,1.0,0.0,0.0
20.76311554,0.406596300735138,11.82942185,1.9788188029282143,31.3926921,1,0.0,0.0,0.0,0.0,0.0,0.0,0.0,0.0,0.0,1.0,0.0,0.0
22.44407504,0.2618579301480558,6.262782498,1.9662530189096052,39.13391185,1,0.0,0.0,0.0,0.0,1.0,0.0,0.0,0.0,0.0,0.0,0.0,0.0
22.68532386,0.2083852217452702,31.97338333,1.8825312145372315,183.4710651,1,0.0,0.0,0.0,0.0,1.0,0.0,0.0,0.0,0.0,0.0,0.0,0.0
22.72423496,0.2233980805189032,21.90518258,1.1855432439517786,141.1402341,1,0.0,0.0,0.0,0.0,1.0,0.0,0.0,0.0,0.0,0.0,0.0,0.0
23.38572365,0.2568802199307599,2.20948164,1.771978327631056,51.48575755,1,0.0,0.0,0.0,0.0,1.0,0.0,0.0,0.0,0.0,0.0,0.0,0.0
23.36237699,0.2034447659862662,16.17960254,1.392628063810949,60.78731916,1,0.0,0.0,0.0,1.0,0.0,0.0,0.0,0.0,0.0,0.0,0.0,0.0
23.26899035,0.1779431137197942,13.31763397,1.6833886573568404,62.97068659,1,0.0,0.0,0.0,1.0,0.0,0.0,0.0,0.0,0.0,0.0,0.0,0.0
23.33124811,0.2726152203492949,357.6001193,2.283491458081357,23.27641684,1,0.0,0.0,0.0,1.0,0.0,0.0,0.0,0.0,0.0,0.0,0.0,0.0
23.53358583,0.1927483211643511,25.0566477,1.0625435921536102,161.1041036,1,0.0,0.0,0.0,1.0,0.0,0.0,0.0,0.0,0.0,0.0,0.0,0.0
24.25733228,0.2212154625451035,16.4692506,1.8075710923979709,85.61813809,1,0.0,0.0,0.0,1.0,0.0,0.0,0.0,0.0,0.0,0.0,0.0,0.0
24.55305663,0.1460270563677639,30.69673419,1.1197404380519913,127.7735416,1,0.0,0.0,0.0,1.0,0.0,0.0,0.0,0.0,0.0,0.0,0.0,0.0
24.24955006,0.076827628533359,45.92903932,2.048641862065812,151.8547764,1,0.0,0.0,0.0,1.0,0.0,0.0,0.0,0.0,0.0,0.0,0.0,0.0
24.37406558,0.272122552509951,2.236979063,1.8738302208756483,27.31547585,1,0.0,0.0,0.0,1.0,0.0,0.0,0.0,0.0,0.0,0.0,0.0,0.0
24.3040256,0.2508938936463883,22.06329219,1.3254776544969755,113.5459193,1,0.0,0.0,0.0,0.0,0.0,0.0,0.0,1.0,0.0,0.0,0.0,0.0
22.82540381,0.0684087801388068,90.0,1.8467461159603304,155.8287785,1,1.0,0.0,0.0,0.0,0.0,0.0,0.0,0.0,0.0,0.0,0.0,0.0
18.99655162,0.0236949609550913,132.4208525,1.9103082520696577,165.910309,1,0.0,0.0,0.0,0.0,0.0,0.0,0.0,0.0,1.0,0.0,0.0,0.0
16.57628123,0.040237940794078,78.85711014,2.1706322087265653,175.5946617,1,0.0,0.0,0.0,0.0,0.0,0.0,0.0,0.0,0.0,0.0,0.0,1.0
16.37394351,0.2197109843913013,15.19270502,1.7494907684897707,111.8130716,1,0.0,0.0,0.0,0.0,0.0,0.0,0.0,0.0,0.0,0.0,0.0,1.0
16.59184567,0.3806353683496258,7.153109399,2.1945992784750867,15.84904011,1,0.0,0.0,0.0,0.0,0.0,0.0,0.0,0.0,0.0,0.0,0.0,1.0
17.01208554,0.2518184756721182,22.95805549,0.8383744339214805,110.3764352,1,0.0,0.0,0.0,0.0,0.0,0.0,0.0,0.0,0.0,0.0,0.0,1.0
17.20664104,0.175055313976489,20.54534773,1.906530463906654,217.6511553,1,0.0,0.0,0.0,0.0,0.0,0.0,0.0,0.0,0.0,0.0,0.0,1.0
17.10547218,0.2384316709894119,358.5711499,2.3629885214078468,19.15576663,1,0.0,0.0,0.0,0.0,0.0,0.0,0.0,0.0,0.0,0.0,0.0,1.0
17.82921863,0.2222837682066201,28.32454377,1.8485836153178747,157.1162988,1,0.0,0.0,0.0,0.0,0.0,0.0,0.0,0.0,0.0,0.0,0.0,1.0
19.25336488,0.0910375569553007,121.2469294,2.4672713827188795,153.2803464,1,0.0,0.0,0.0,0.0,0.0,0.0,0.0,0.0,0.0,0.0,1.0,0.0
18.93429386,0.3674332016973819,9.494692701,2.3736257934472293,41.77989652,1,0.0,0.0,0.0,0.0,0.0,0.0,0.0,0.0,0.0,0.0,1.0,0.0
18.47514288,0.0145206778190151,246.6444351,1.733615243340926,30.76337447,1,0.0,0.0,0.0,0.0,0.0,0.0,0.0,0.0,0.0,0.0,1.0,0.0
19.60356477,0.3048313444769054,352.5707073,2.344369882822115,26.12617437,1,0.0,0.0,0.0,0.0,0.0,0.0,0.0,0.0,0.0,1.0,0.0,0.0
19.58021811,0.2903205279149004,350.6144817,2.274688473706702,25.19975832,1,0.0,0.0,0.0,0.0,0.0,0.0,0.0,0.0,0.0,1.0,0.0,0.0
20.73198666,0.0674605269798887,78.39523764,1.918812184785358,129.9567513,1,0.0,0.0,1.0,0.0,0.0,0.0,0.0,0.0,0.0,0.0,0.0,0.0
20.89541328,0.2547756451307498,5.128960516,2.1482411756642903,28.64585462,1,0.0,0.0,1.0,0.0,0.0,0.0,0.0,0.0,0.0,0.0,0.0,0.0
20.73976888,0.1803069454933589,355.0379258,2.4153027371891613,27.08221796,1,0.0,0.0,1.0,0.0,0.0,0.0,0.0,0.0,0.0,0.0,0.0,0.0
20.85650218,0.0252982935188839,77.61924307,1.4370707046238549,126.683873,1,0.0,0.0,1.0,0.0,0.0,0.0,0.0,0.0,0.0,0.0,0.0,0.0
20.77089776,0.0788269279897601,345.3432489,2.035900249442569,38.63356351,1,0.0,0.0,1.0,0.0,0.0,0.0,0.0,0.0,0.0,0.0,0.0,0.0
21.46351533,0.2882736599293971,353.6020155,2.3173323985586296,29.58608078,1,0.0,0.0,1.0,0.0,0.0,0.0,0.0,0.0,0.0,0.0,0.0,0.0
21.22226651,0.26158174761179,349.4126787,2.3074445911835104,24.37435651,1,0.0,0.0,1.0,0.0,0.0,0.0,0.0,0.0,0.0,0.0,0.0,0.0
21.16779097,0.1114620281145647,346.0716581,1.996901781004468,20.88522521,1,0.0,0.0,1.0,0.0,0.0,0.0,0.0,0.0,0.0,0.0,0.0,0.0
21.51799087,0.1267609810246987,348.5378205,2.261357643371312,26.77464055,1,0.0,0.0,1.0,0.0,0.0,0.0,0.0,0.0,0.0,0.0,0.0,0.0
21.26117761,0.2133535678287153,344.5191816,2.4124524071618234,25.95103888,1,0.0,0.0,1.0,0.0,0.0,0.0,0.0,0.0,0.0,0.0,0.0,0.0
21.63472417,0.1804414964208162,341.3693123,2.1236583044882145,26.24327001,1,0.0,0.0,1.0,0.0,0.0,0.0,0.0,0.0,0.0,0.0,0.0,0.0
22.87987935,0.1040720441347898,337.0735467,2.1719318619146013,32.57495555,1,0.0,0.0,0.0,0.0,1.0,0.0,0.0,0.0,0.0,0.0,0.0,0.0
22.61528388,0.257905229268538,350.9285024,2.311496655504241,31.21712655,1,0.0,0.0,0.0,0.0,1.0,0.0,0.0,0.0,0.0,0.0,0.0,0.0
23.00439487,0.1459594675459227,340.3686302,1.894744658680933,37.15242674,1,0.0,0.0,0.0,0.0,1.0,0.0,0.0,0.0,0.0,0.0,0.0,0.0
22.77871049,0.1839949159472624,336.4945316,2.15168127172878,37.39003226,1,0.0,0.0,0.0,0.0,1.0,0.0,0.0,0.0,0.0,0.0,0.0,0.0
22.56859056,0.0758464173960441,92.21965555,2.137332555769345,170.7804551,1,0.0,0.0,0.0,0.0,1.0,0.0,0.0,0.0,0.0,0.0,0.0,0.0
23.79039908,0.0633818177265437,341.2270269,1.6041923802543303,49.62473509,1,0.0,0.0,0.0,0.0,1.0,0.0,0.0,0.0,0.0,0.0,0.0,0.0
23.44798141,0.2979268302541103,15.66165297,1.6450103218825012,41.17417528,1,0.0,0.0,0.0,1.0,0.0,0.0,0.0,0.0,0.0,0.0,0.0,0.0
23.9927368,0.3661989588826804,14.9568865,1.9293919672494169,40.92715564,1,0.0,0.0,0.0,1.0,0.0,0.0,0.0,0.0,0.0,0.0,0.0,0.0
23.10556373,0.3597317231252221,5.541804768,2.152067048649849,24.69084081,1,0.0,0.0,0.0,1.0,0.0,0.0,0.0,0.0,0.0,0.0,0.0,0.0
23.52580361,0.3892549275212032,8.29638748,2.2968421688278524,24.08700431,1,0.0,0.0,0.0,1.0,0.0,0.0,0.0,0.0,0.0,0.0,0.0,0.0
24.3818478,0.3122563385272848,19.50619621,1.3152833591303812,75.41942649,1,0.0,0.0,0.0,0.0,0.0,0.0,0.0,1.0,0.0,0.0,0.0,0.0
19.44013815,0.2824193335024001,10.01729165,1.8712993214140368,3.177571535,1,0.0,0.0,0.0,0.0,0.0,0.0,1.0,0.0,0.0,0.0,0.0,0.0
18.00042747,0.1542764930552993,134.7776372,2.438765721417434,153.572119,1,0.0,1.0,0.0,0.0,0.0,0.0,0.0,0.0,0.0,0.0,0.0,0.0
17.86034751,0.1358929142859977,30.48990796,1.9732839674830087,179.4820998,1,0.0,0.0,0.0,0.0,0.0,0.0,0.0,0.0,0.0,0.0,0.0,1.0
17.70470311,0.3145808630554264,1.371808502,2.417626665828395,32.120685,1,0.0,0.0,0.0,0.0,0.0,0.0,0.0,0.0,0.0,0.0,0.0,1.0
19.15997824,0.376721131865731,7.859841248,1.5325078967046792,40.6503397,1,0.0,0.0,0.0,0.0,0.0,0.0,0.0,0.0,0.0,0.0,1.0,0.0
19.34675151,0.3665439821808149,4.625888064,1.5438387927940571,26.45633066,1,0.0,0.0,0.0,0.0,0.0,0.0,0.0,0.0,0.0,0.0,1.0,0.0
19.46348481,0.2862885023839177,8.577716525,1.3724001160964,35.33447079,1,0.0,0.0,0.0,0.0,0.0,0.0,0.0,0.0,0.0,0.0,1.0,0.0
19.51796035,0.1488907692914295,27.88028444,1.210238779933541,153.2790616,1,0.0,0.0,0.0,0.0,0.0,0.0,0.0,0.0,0.0,1.0,0.0,0.0
20.50630228,0.2337747465642237,3.853823692,1.3417376771018126,38.13201751,1,0.0,0.0,0.0,0.0,0.0,0.0,0.0,0.0,0.0,1.0,0.0,0.0
20.53743116,0.2443656600814695,359.5578142,2.212263509237517,27.09403382,1,0.0,0.0,1.0,0.0,0.0,0.0,0.0,0.0,0.0,0.0,0.0,0.0
21.28452427,0.3024024074871816,0.346642665,2.3524642613164826,25.46705451,1,0.0,0.0,1.0,0.0,0.0,0.0,0.0,0.0,0.0,0.0,0.0,0.0
25.05890093,0.2432965101782954,35.80334411,1.6991541564038697,170.0684107,1,0.0,0.0,0.0,0.0,1.0,0.0,0.0,0.0,0.0,0.0,0.0,0.0
24.3040256,0.3268308286893024,358.1450978,2.404811843535134,26.35976205,1,0.0,0.0,0.0,1.0,0.0,0.0,0.0,0.0,0.0,0.0,0.0,0.0
23.05887041,0.2966504485728909,25.65926452,2.540757777371878,103.6987945,1,0.0,0.0,0.0,1.0,0.0,0.0,0.0,0.0,0.0,0.0,0.0,0.0
22.4674217,0.0422718508104866,55.07433273,1.5727691979683345,88.710916,1,0.0,0.0,0.0,0.0,0.0,0.0,0.0,1.0,0.0,0.0,0.0,0.0
22.07052848,0.0311733544610426,333.6819119,1.4601027833415825,251.7077552,1,0.0,0.0,0.0,0.0,0.0,0.0,0.0,1.0,0.0,0.0,0.0,0.0
22.0004885,0.0632373515459545,324.8982599,1.912658362000419,352.0892805,1,1.0,0.0,0.0,0.0,0.0,0.0,0.0,0.0,0.0,0.0,0.0,0.0
21.85262633,0.1192541539199747,333.3732077,2.258635813298453,7.121777103,1,1.0,0.0,0.0,0.0,0.0,0.0,0.0,0.0,0.0,0.0,0.0,0.0
21.33899981,0.127929331465581,187.8401831,1.518276187161,153.1822163,1,1.0,0.0,0.0,0.0,0.0,0.0,0.0,0.0,0.0,0.0,0.0,0.0
21.21448429,0.0710666114012469,170.4596182,1.8432287407473884,148.2950592,1,1.0,0.0,0.0,0.0,0.0,0.0,0.0,0.0,0.0,0.0,0.0,0.0
21.12887987,0.0355056496889284,33.28752769,1.099826766557863,15.33675983,1,1.0,0.0,0.0,0.0,0.0,0.0,0.0,0.0,0.0,0.0,0.0,0.0
21.05105767,0.0726649883388746,335.0952312,1.954954628872344,331.4867516,1,1.0,0.0,0.0,0.0,0.0,0.0,0.0,0.0,0.0,0.0,0.0,0.0
21.09775099,0.167374169122977,12.87232843,1.3166290931786733,5.389824938,1,1.0,0.0,0.0,0.0,0.0,0.0,0.0,0.0,0.0,0.0,0.0,0.0
22.5063328,0.1183642089646773,18.25892548,1.570139234993683,342.197101,1,1.0,0.0,0.0,0.0,0.0,0.0,0.0,0.0,0.0,0.0,0.0,0.0
20.35065788,0.3595712553764837,14.29106393,1.914241902877645,0.787122224,1,0.0,0.0,0.0,0.0,0.0,0.0,0.0,0.0,1.0,0.0,0.0,0.0
21.58024863,0.0691621690219816,71.87392031,1.3178833751261625,170.3269501,1,0.0,0.0,1.0,0.0,0.0,0.0,0.0,0.0,0.0,0.0,0.0,0.0
21.53355531,0.0616009873693651,50.65250349,1.0751568848192758,110.9043298,1,0.0,0.0,1.0,0.0,0.0,0.0,0.0,0.0,0.0,0.0,0.0,0.0
22.0783107,0.0733611061758921,110.9055693,1.3466392638955078,184.7789563,1,0.0,0.0,1.0,0.0,0.0,0.0,0.0,0.0,0.0,0.0,0.0,0.0
23.16782149,0.2581278025524654,359.8812524,1.978464371776549,31.96985095,1,0.0,0.0,0.0,0.0,1.0,0.0,0.0,0.0,0.0,0.0,0.0,0.0
22.87987935,0.2973206074244373,352.962678,2.329414316331992,22.36919364,1,0.0,0.0,0.0,0.0,1.0,0.0,0.0,0.0,0.0,0.0,0.0,0.0
23.55693249,0.3902199442208529,7.938409079,1.520540021750526,34.29785003,1,0.0,0.0,0.0,0.0,1.0,0.0,0.0,0.0,0.0,0.0,0.0,0.0
23.86043906,0.3797046366927875,5.650317502,2.023973601096252,66.46882716,1,0.0,0.0,0.0,1.0,0.0,0.0,0.0,0.0,0.0,0.0,0.0,0.0
24.87212765,0.2995887349743019,29.00598244,2.2218035616825285,147.1830153,1,0.0,0.0,0.0,1.0,0.0,0.0,0.0,0.0,0.0,0.0,0.0,0.0
24.88769209,0.3064929066131177,23.09616241,1.9790976027665803,133.9002456,1,0.0,0.0,0.0,1.0,0.0,0.0,0.0,0.0,0.0,0.0,0.0,0.0
23.70479466,0.0214177830139631,68.49856568,2.1443277195652963,151.6771189,1,0.0,0.0,0.0,0.0,0.0,0.0,0.0,1.0,0.0,0.0,0.0,0.0
23.8370924,0.3089009904522757,11.0351574,2.0831976236387995,68.89620354,1,0.0,0.0,0.0,0.0,0.0,0.0,0.0,1.0,0.0,0.0,0.0,0.0
24.00830124,0.2404910134319147,14.36382263,2.3141052459819256,58.77799174,1,0.0,0.0,0.0,0.0,0.0,0.0,0.0,1.0,0.0,0.0,0.0,0.0
23.9927368,0.1124052438876171,31.03937784,1.381750500151831,140.8126932,1,0.0,0.0,0.0,0.0,0.0,0.0,0.0,1.0,0.0,0.0,0.0,0.0
23.6425369,0.2847863441244775,20.83556491,1.5379188135772233,136.6456458,1,1.0,0.0,0.0,0.0,0.0,0.0,0.0,0.0,0.0,0.0,0.0,0.0
23.65810134,0.3711185394960986,16.33024841,1.2878109902658432,102.1126229,1,1.0,0.0,0.0,0.0,0.0,0.0,0.0,0.0,0.0,0.0,0.0,0.0
19.73586251,0.020513787107184,103.6269949,2.461694020939543,208.3012269,1,0.0,0.0,0.0,0.0,0.0,0.0,1.0,0.0,0.0,0.0,0.0,0.0
19.93820023,0.0834995894590757,132.0170618,2.221359669229152,152.7652093,1,0.0,0.0,0.0,0.0,0.0,0.0,1.0,0.0,0.0,0.0,0.0,0.0
20.04715131,0.1852163868939071,32.06914637,2.0740717902102506,137.3360689,1,0.0,0.0,0.0,0.0,0.0,0.0,1.0,0.0,0.0,0.0,0.0,0.0
20.2806179,0.1955934805560279,23.12419425,1.8616743003573504,178.3661674,1,0.0,0.0,0.0,0.0,0.0,0.0,1.0,0.0,0.0,0.0,0.0,0.0
19.38566261,0.2336879456767041,15.05121999,1.9184155173913748,314.2736265,1,0.0,0.0,0.0,0.0,0.0,1.0,0.0,0.0,0.0,0.0,0.0,0.0
18.87981832,0.2654572930421261,2.819323541,1.920917382158859,20.60549367,1,0.0,0.0,0.0,0.0,0.0,0.0,0.0,0.0,0.0,0.0,0.0,1.0
19.08215604,0.3837997241174833,3.590322602,2.339666466988468,29.52286311,1,0.0,0.0,0.0,0.0,0.0,0.0,0.0,0.0,0.0,0.0,1.0,0.0
20.66194668,0.2410235197210677,359.2942646,1.9775679168295872,20.12542674,1,0.0,0.0,0.0,0.0,0.0,0.0,0.0,0.0,0.0,0.0,1.0,0.0
20.26505346,0.2995863641191553,11.64372865,1.5437269374143496,85.23299302,1,0.0,0.0,0.0,0.0,0.0,0.0,0.0,0.0,0.0,1.0,0.0,0.0
20.87206662,0.1119785546477907,2.066476986,1.6902222093085333,51.12143621,1,0.0,0.0,1.0,0.0,0.0,0.0,0.0,0.0,0.0,0.0,0.0,0.0
22.2728662,0.0739057729985647,26.97284343,1.4072852199344053,53.80726872,1,0.0,0.0,1.0,0.0,0.0,0.0,0.0,0.0,0.0,0.0,0.0,0.0
22.17947956,0.1986949146192989,1.51162114,2.023759370642383,26.68698934,1,0.0,0.0,1.0,0.0,0.0,0.0,0.0,0.0,0.0,0.0,0.0,0.0
22.22617288,0.2329638428215394,357.8665687,1.8810618751111996,21.87366138,1,0.0,0.0,1.0,0.0,0.0,0.0,0.0,0.0,0.0,0.0,0.0,0.0
23.28455479,0.2917469892217473,359.5870646,1.762005108126123,31.55785868,1,0.0,0.0,0.0,0.0,1.0,0.0,0.0,0.0,0.0,0.0,0.0,0.0
23.16782149,0.2730867693186338,3.510337447,1.8306535444255825,34.02584286,1,0.0,0.0,0.0,1.0,0.0,0.0,0.0,0.0,0.0,0.0,0.0,0.0
24.31959004,0.2268795589385564,9.101124285,1.593692234319516,51.64618621,1,0.0,0.0,0.0,1.0,0.0,0.0,0.0,0.0,0.0,0.0,0.0,0.0
24.55305663,0.1460270563677639,30.69673419,1.1385182144454895,133.4088597,1,0.0,0.0,0.0,1.0,0.0,0.0,0.0,0.0,0.0,0.0,0.0,0.0
24.27289672,0.0712201315674024,49.52717101,1.7053992105785003,139.5496347,1,0.0,0.0,0.0,1.0,0.0,0.0,0.0,0.0,0.0,0.0,0.0,0.0
24.24955006,0.1087567705495902,67.18111087,2.261579812928021,156.2454227,1,0.0,0.0,0.0,1.0,0.0,0.0,0.0,0.0,0.0,0.0,0.0,0.0
24.37406558,0.272122552509951,2.236979063,1.8298278980836271,29.17369318,1,0.0,0.0,0.0,1.0,0.0,0.0,0.0,0.0,0.0,0.0,0.0,0.0
23.84487462,0.2577786063904855,8.474898861,1.6589409338889634,25.23939613,1,0.0,0.0,0.0,0.0,0.0,0.0,0.0,1.0,0.0,0.0,0.0,0.0
23.97717236,0.1023506366130789,50.63068276,2.227207924936459,138.7708155,1,0.0,0.0,0.0,0.0,0.0,0.0,0.0,1.0,0.0,0.0,0.0,0.0
23.93047904,0.2273634422370155,17.67682586,1.9829728778794824,132.6414011,1,0.0,0.0,0.0,0.0,0.0,0.0,0.0,1.0,0.0,0.0,0.0,0.0
21.79815079,0.0382557053753227,230.0796079,1.374922503451064,11.20594751,1,1.0,0.0,0.0,0.0,0.0,0.0,0.0,0.0,0.0,0.0,0.0,0.0
16.57628123,0.040237940794078,78.85711014,2.1349093628493594,175.7939093,1,0.0,0.0,0.0,0.0,0.0,0.0,0.0,0.0,0.0,0.0,0.0,1.0
16.13269469,0.0583798368768145,48.70462744,1.8614638535075128,142.8307598,1,0.0,0.0,0.0,0.0,0.0,0.0,0.0,0.0,0.0,0.0,0.0,1.0
16.37394351,0.2197109843913013,15.19270502,1.7239260075086285,113.1879577,1,0.0,0.0,0.0,0.0,0.0,0.0,0.0,0.0,0.0,0.0,0.0,1.0
18.33506293,0.106473392280858,49.51687562,2.2843100072320133,185.0144444,1,0.0,0.0,0.0,0.0,0.0,0.0,0.0,0.0,0.0,0.0,0.0,1.0
19.13663158,0.1779733302775269,25.52123516,1.2283229858056617,167.1998409,1,0.0,0.0,0.0,0.0,0.0,0.0,0.0,0.0,0.0,0.0,1.0,0.0
19.05880938,0.068784170910501,54.94762612,2.070104324476576,133.6592797,1,0.0,0.0,0.0,0.0,0.0,0.0,0.0,0.0,0.0,0.0,1.0,0.0
20.92654216,0.0827575127915579,71.43687291,1.4145175298096286,147.6188289,1,0.0,0.0,1.0,0.0,0.0,0.0,0.0,0.0,0.0,0.0,0.0,0.0
22.40516394,0.1133510707707325,357.8141992,1.9054525680391048,31.12920865,1,0.0,0.0,0.0,0.0,1.0,0.0,0.0,0.0,0.0,0.0,0.0,0.0
22.10943958,0.1095485218047383,210.7565394,1.3494316832548676,59.37680564,1,0.0,0.0,0.0,0.0,1.0,0.0,0.0,0.0,0.0,0.0,0.0,0.0
22.25730176,0.1214152365542443,179.8645492,1.9025217220985735,208.9351639,1,0.0,0.0,0.0,0.0,1.0,0.0,0.0,0.0,0.0,0.0,0.0,0.0
23.79039908,0.0633818177265437,341.2270269,1.5899825631219404,52.95810086,1,0.0,0.0,0.0,0.0,1.0,0.0,0.0,0.0,0.0,0.0,0.0,0.0
23.9927368,0.3661989588826804,14.9568865,1.8314395771639052,43.34962949,1,0.0,0.0,0.0,1.0,0.0,0.0,0.0,0.0,0.0,0.0,0.0,0.0
23.93826126,0.3600971498066556,30.08511946,2.281140355390431,142.216599,1,0.0,0.0,0.0,1.0,0.0,0.0,0.0,0.0,0.0,0.0,0.0,0.0
25.42466526,0.3889069086394245,33.29218656,2.2264429706203974,148.7886133,1,0.0,0.0,0.0,1.0,0.0,0.0,0.0,0.0,0.0,0.0,0.0,0.0
24.66978993,0.3343826206078792,34.98480501,2.452294420888719,163.6346537,1,0.0,0.0,0.0,1.0,0.0,0.0,0.0,0.0,0.0,0.0,0.0,0.0
25.05111871,0.423209383810907,25.12516505,2.089106607838999,138.4828833,1,0.0,0.0,0.0,1.0,0.0,0.0,0.0,0.0,0.0,0.0,0.0,0.0
24.49858109,0.3325214439360514,12.28360616,2.000873067144589,27.34237292,1,0.0,0.0,0.0,0.0,0.0,0.0,0.0,1.0,0.0,0.0,0.0,0.0
19.42457371,0.0900189084129443,161.0954242,2.108018204620239,150.8782638,1,0.0,0.0,0.0,0.0,0.0,1.0,0.0,0.0,0.0,0.0,0.0,0.0
19.24558266,0.171604423764795,13.28865413,1.06608259590836,62.24328434,1,0.0,0.0,0.0,0.0,0.0,1.0,0.0,0.0,0.0,0.0,0.0,0.0
18.00042747,0.1542764930552993,134.7776372,2.4050709116670106,153.557425,1,0.0,1.0,0.0,0.0,0.0,0.0,0.0,0.0,0.0,0.0,0.0,0.0
19.15219602,0.2673691720734332,19.96848528,1.6410724014707994,140.2564149,1,0.0,0.0,0.0,0.0,0.0,0.0,0.0,0.0,0.0,0.0,1.0,0.0
19.03546272,0.2786329208520837,19.41588614,1.860989793654159,153.1584566,1,0.0,0.0,0.0,0.0,0.0,0.0,0.0,0.0,0.0,0.0,1.0,0.0
19.15997824,0.376721131865731,7.859841248,1.4980240036838597,43.1768772,1,0.0,0.0,0.0,0.0,0.0,0.0,0.0,0.0,0.0,0.0,1.0,0.0
19.44013815,0.310811654878395,19.05688017,1.1367940764278166,47.41810644,1,0.0,0.0,0.0,0.0,0.0,0.0,0.0,0.0,0.0,0.0,1.0,0.0
19.67360475,0.2578461492932819,7.751779154,1.8051703832380253,38.96708276,1,0.0,0.0,0.0,0.0,0.0,0.0,0.0,0.0,0.0,0.0,1.0,0.0
19.36231595,0.3393982409779583,0.778897658,2.3642343359657194,27.6038454,1,0.0,0.0,0.0,0.0,0.0,0.0,0.0,0.0,0.0,1.0,0.0,0.0
20.67751112,0.054117895144228,173.3820127,1.2695397999959654,101.3556685,1,0.0,0.0,1.0,0.0,0.0,0.0,0.0,0.0,0.0,0.0,0.0,0.0
20.56077782,0.1850337097465492,359.5698596,2.08195273100298,49.7018609,1,0.0,0.0,1.0,0.0,0.0,0.0,0.0,0.0,0.0,0.0,0.0,0.0
20.88763106,0.0771154069988832,24.51616114,1.2052629825879169,58.5764859,1,0.0,0.0,1.0,0.0,0.0,0.0,0.0,0.0,0.0,0.0,0.0,0.0
24.3040256,0.3268308286893024,358.1450978,2.3390288477148675,27.85753921,1,0.0,0.0,0.0,1.0,0.0,0.0,0.0,0.0,0.0,0.0,0.0,0.0
24.59974995,0.2454799001429419,341.7836604,2.045763171002595,28.25932926,1,0.0,0.0,0.0,1.0,0.0,0.0,0.0,0.0,0.0,0.0,0.0,0.0
22.67754164,0.1680528419697691,352.1401588,2.293931920451148,45.56222749,1,0.0,0.0,0.0,0.0,0.0,0.0,0.0,1.0,0.0,0.0,0.0,0.0
22.98104821,0.0302303941489337,221.7754774,1.9499059664189544,19.04940968,1,0.0,0.0,0.0,0.0,0.0,0.0,0.0,1.0,0.0,0.0,0.0,0.0
22.31955952,0.0415329925812193,34.14750914,1.6156348989879583,113.5509586,1,0.0,0.0,0.0,0.0,0.0,0.0,0.0,1.0,0.0,0.0,0.0,0.0
20.5529956,0.2198633581581162,30.25643716,2.011490940947108,161.7035169,1,0.0,0.0,0.0,0.0,0.0,0.0,0.0,0.0,1.0,0.0,0.0,0.0
21.30008871,0.1991956894481583,355.4735247,1.8027863471291223,23.58722059,1,0.0,0.0,1.0,0.0,0.0,0.0,0.0,0.0,0.0,0.0,0.0,0.0
23.16782149,0.2581278025524654,359.8812524,1.978464371776549,31.96985095,1,0.0,0.0,0.0,0.0,1.0,0.0,0.0,0.0,0.0,0.0,0.0,0.0
25.00442539,0.182193334407149,355.7086654,1.8981613606658525,18.21456553,1,0.0,0.0,0.0,1.0,0.0,0.0,0.0,0.0,0.0,0.0,0.0,0.0
24.91103875,0.2659330027851134,35.17070157,2.268485520092766,154.9175674,1,0.0,0.0,0.0,1.0,0.0,0.0,0.0,0.0,0.0,0.0,0.0,0.0
24.87212765,0.2995887349743019,29.00598244,2.2218035616825285,147.1830153,1,0.0,0.0,0.0,1.0,0.0,0.0,0.0,0.0,0.0,0.0,0.0,0.0
23.84487462,0.2507735229068558,15.71786569,2.1728914768469605,69.74011234,1,0.0,0.0,0.0,0.0,0.0,0.0,0.0,1.0,0.0,0.0,0.0,0.0
24.00830124,0.2404910134319147,14.36382263,2.3141052459819256,58.77799174,1,0.0,0.0,0.0,0.0,0.0,0.0,0.0,1.0,0.0,0.0,0.0,0.0
23.62697246,0.4281167736913286,12.56784961,0.9891704390191502,42.71937658,1,1.0,0.0,0.0,0.0,0.0,0.0,0.0,0.0,0.0,0.0,0.0,0.0
23.8760035,0.1796963213769388,25.33350082,1.6131582035612548,165.6485766,1,0.0,0.0,0.0,0.0,1.0,0.0,0.0,0.0,0.0,0.0,0.0,0.0
23.13669261,0.0888976790527456,150.0684882,2.0861222784040896,160.7723468,1,0.0,0.0,0.0,1.0,0.0,0.0,0.0,0.0,0.0,0.0,0.0,0.0
24.23398562,0.2616777688833097,8.626157315,1.1708985186472232,52.46616366,1,0.0,0.0,0.0,1.0,0.0,0.0,0.0,0.0,0.0,0.0,0.0,0.0
19.25336488,0.0910375569553007,121.2469294,2.4212587070788216,152.9861915,1,0.0,0.0,0.0,0.0,0.0,0.0,0.0,0.0,0.0,0.0,1.0,0.0
18.62300506,0.1075654274522506,334.192421,2.1226979632565013,23.55560214,1,0.0,0.0,0.0,0.0,0.0,0.0,0.0,0.0,0.0,0.0,1.0,0.0
19.37009817,0.1364556539266843,35.91306336,2.027805733904429,154.0772173,1,0.0,0.0,0.0,0.0,0.0,0.0,0.0,0.0,0.0,1.0,0.0,0.0
20.92654216,0.0827575127915579,71.43687291,1.4145175298096286,147.6188289,1,0.0,0.0,1.0,0.0,0.0,0.0,0.0,0.0,0.0,0.0,0.0,0.0
21.68141749,0.2249448975155199,4.510351439,1.3361548080220864,54.84888581,1,0.0,0.0,1.0,0.0,0.0,0.0,0.0,0.0,0.0,0.0,0.0,0.0
22.66975942,0.1309376100519895,333.1554594,1.3088728397590152,39.0737692,1,0.0,0.0,0.0,0.0,1.0,0.0,0.0,0.0,0.0,0.0,0.0,0.0
22.70867052,0.0650140377491247,340.906508,1.5910765960621265,28.27231857,1,0.0,0.0,0.0,0.0,1.0,0.0,0.0,0.0,0.0,0.0,0.0,0.0
24.63866105,0.3911555050127817,2.521286942,2.1017755427364584,25.22213683,1,0.0,0.0,0.0,0.0,1.0,0.0,0.0,0.0,0.0,0.0,0.0,0.0
23.9927368,0.3661989588826804,14.9568865,1.8314395771639052,43.34962949,1,0.0,0.0,0.0,1.0,0.0,0.0,0.0,0.0,0.0,0.0,0.0,0.0
19.30784042,0.2565728859929927,21.29074565,1.7223698869189128,172.2691809,1,0.0,0.0,0.0,0.0,0.0,0.0,0.0,0.0,0.0,0.0,1.0,0.0
21.11331543,0.1068456488014563,87.05241392,1.9175979773069796,163.8498133,1,0.0,0.0,0.0,0.0,1.0,0.0,0.0,0.0,0.0,0.0,0.0,0.0
22.42072838,0.1442818426533901,175.4889671,1.906074759793088,140.6097656,1,0.0,0.0,0.0,0.0,1.0,0.0,0.0,0.0,0.0,0.0,0.0,0.0
24.80208767,0.2459186677564888,13.03222478,1.1906980389156534,41.54152843,1,0.0,0.0,0.0,0.0,1.0,0.0,0.0,0.0,0.0,0.0,0.0,0.0
25.05890093,0.2432965101782954,35.80334411,1.637013144039315,169.1954703,1,0.0,0.0,0.0,0.0,1.0,0.0,0.0,0.0,0.0,0.0,0.0,0.0
22.56859056,0.257429364005503,43.39950493,2.6741584755851484,109.6880232,1,0.0,0.0,0.0,1.0,0.0,0.0,0.0,0.0,0.0,0.0,0.0,0.0
22.70867052,0.1463468187586872,30.48804694,1.859404748765154,119.8848808,1,0.0,0.0,0.0,1.0,0.0,0.0,0.0,0.0,0.0,0.0,0.0,0.0
22.98104821,0.1271016352161711,45.72984306,1.692085992406548,190.3952064,1,0.0,0.0,0.0,1.0,0.0,0.0,0.0,0.0,0.0,0.0,0.0,0.0
23.19116815,0.1370816780214208,39.77509462,1.6381164318063626,172.1651291,1,0.0,0.0,0.0,1.0,0.0,0.0,0.0,0.0,0.0,0.0,0.0,0.0
23.01995931,0.0699353837160573,73.85566122,1.9345755146731276,227.0228314,1,0.0,0.0,0.0,1.0,0.0,0.0,0.0,0.0,0.0,0.0,0.0,0.0
23.04330597,0.0708436187305658,156.7388595,1.6873559371819735,162.1327418,1,0.0,0.0,0.0,1.0,0.0,0.0,0.0,0.0,0.0,0.0,0.0,0.0
22.42072838,0.1408482477839032,143.0376153,2.231564225655773,176.4175088,1,0.0,0.0,0.0,0.0,0.0,0.0,0.0,1.0,0.0,0.0,0.0,0.0
20.79424442,0.0272229704841549,119.1161463,1.1452310376559771,212.8983663,1,1.0,0.0,0.0,0.0,0.0,0.0,0.0,0.0,0.0,0.0,0.0,0.0
20.80980886,0.0569558265983168,16.64209136,0.9224510166966416,347.8983663,1,1.0,0.0,0.0,0.0,0.0,0.0,0.0,0.0,0.0,0.0,0.0,0.0
21.75923969,0.2905568911976596,10.0079798,1.511755890875656,309.754226,1,1.0,0.0,0.0,0.0,0.0,0.0,0.0,0.0,0.0,0.0,0.0,0.0
21.83706189,0.1132578408333069,21.34110358,2.121670789913941,244.8205005,1,1.0,0.0,0.0,0.0,0.0,0.0,0.0,0.0,0.0,0.0,0.0,0.0
21.80593301,0.0695029028654991,37.93890603,0.8870447275422433,137.8458015,1,1.0,0.0,0.0,0.0,0.0,0.0,0.0,0.0,0.0,0.0,0.0,0.0
